-0.192045 17.7074 9260.86 9260.86
-0.191045 17.6959 9278.75 9278.75
-0.190045 17.6844 9296.61 9296.61
-0.189045 17.6701 9312.27 9312.27
-0.188045 17.6545 9326.77 9326.77
-0.187045 17.6374 9340.17 9340.17
-0.186045 17.6177 9351.14 9351.14
-0.185045 17.5978 9361.91 9361.91
-0.184045 17.574 9369.51 9369.51
-0.183045 17.5503 9376.74 9376.74
-0.182045 17.5236 9381.71 9381.71
-0.181045 17.4959 9385.09 9385.09
-0.180045 17.4665 9387.48 9387.48
-0.179045 17.4348 9386.95 9386.95
-0.178045 17.4027 9386.02 9386.02
-0.177045 17.3672 9382.16 9382.16
-0.176045 17.3317 9377.4 9377.4
-0.175045 17.2932 9370.6 9370.6
-0.174045 17.2539 9361.62 9361.62
-0.173045 17.2128 9351.57 9351.57
-0.172045 17.1698 9338.86 9338.86
-0.171045 17.1261 9325.15 9325.15
-0.170045 17.0796 9309.05 9309.05
-0.169045 17.033 9291.38 9291.38
-0.168045 16.9833 9271.95 9271.95
-0.167045 16.9332 9250.08 9250.08
-0.166045 16.8812 9226.91 9226.91
-0.165045 16.8276 9201.65 9201.65
-0.164045 16.7733 9174.69 9174.69
-0.163045 16.7164 9146.12 9146.12
-0.162045 16.6596 9115.29 9115.29
-0.161045 16.5997 9082.79 9082.79
-0.160045 16.5397 9048.44 9048.44
-0.159045 16.4776 9012.25 9012.25
-0.158045 16.4145 8974.73 8974.73
-0.157045 16.3504 8934.91 8934.91
-0.156045 16.2843 8894.03 8894.03
-0.155045 16.2181 8850.95 8850.95
-0.154045 16.1492 8806.11 8806.11
-0.153045 16.0803 8760.15 8760.15
-0.152045 16.0094 8711.94 8711.94
-0.151045 15.9378 8663.22 8663.22
-0.150045 15.8651 8611.8 8611.8
-0.149045 15.7909 8559.65 8559.65
-0.148045 15.7165 8505.99 8505.99
-0.147045 15.6399 8450.47 8450.47
-0.146045 15.5633 8394.53 8394.53
-0.145045 15.485 8336.17 8336.17
-0.144045 15.4061 8277.69 8277.69
-0.143045 15.3263 8217.11 8217.11
-0.142045 15.2454 8155.8 8155.8
-0.141045 15.1642 8093.68 8093.68
-0.140045 15.0813 8029.82 8029.82
-0.139045 14.9985 7966.12 7966.12
-0.138045 14.9142 7900.15 7900.15
-0.137045 14.8296 7834.27 7834.27
-0.136045 14.7443 7767.21 7767.21
-0.135045 14.6581 7699.41 7699.41
-0.134045 14.5717 7631.41 7631.41
-0.133045 14.4843 7561.98 7561.98
-0.132045 14.3968 7492.85 7492.85
-0.131045 14.3083 7422.43 7422.43
-0.130045 14.2197 7352 7352
-0.129045 14.1305 7281.14 7281.14
-0.128045 14.041 7209.72 7209.72
-0.127045 13.9512 7138.51 7138.51
-0.126045 13.8609 7066.4 7066.4
-0.125045 13.7706 6994.61 6994.61
-0.124045 13.6798 6922.42 6922.42
-0.123045 13.589 6850.21 6850.21
-0.122045 13.4979 6778.13 6778.13
-0.121045 13.4067 6705.76 6705.76
-0.120045 13.3155 6633.73 6633.73
-0.119045 13.2242 6561.56 6561.56
-0.118045 13.1329 6489.63 6489.63
-0.117045 13.0417 6417.92 6417.92
-0.116045 12.9505 6346.25 6346.25
-0.115045 12.8595 6275.06 6275.06
-0.114045 12.7686 6203.86 6203.86
-0.113045 12.6778 6133.12 6133.12
-0.112045 12.5874 6062.67 6062.67
-0.111045 12.497 5992.46 5992.46
-0.110045 12.4071 5922.86 5922.86
-0.109045 12.3173 5853.31 5853.31
-0.108045 12.2281 5784.46 5784.46
-0.107045 12.1391 5715.8 5715.8
-0.106045 12.0505 5647.64 5647.64
-0.105045 11.9624 5579.98 5579.98
-0.104045 11.8745 5512.52 5512.52
-0.103045 11.7876 5445.87 5445.87
-0.102045 11.7006 5379.21 5379.21
-0.101045 11.6146 5313.37 5313.37
-0.100045 11.5289 5247.75 5247.75
-0.0990446 11.4438 5182.59 5182.59
-0.0980446 11.3593 5118.03 5118.03
-0.0970446 11.2751 5053.48 5053.48
-0.0960446 11.192 4989.79 4989.79
-0.0950446 11.1088 4926.04 4926.04
-0.0940446 11.027 4863.04 4863.04
-0.0930446 10.9452 4800.26 4800.26
-0.0920446 10.8644 4737.7 4737.7
-0.0910446 10.784 4675.79 4675.79
-0.0900446 10.7041 4613.68 4613.68
-0.0890446 10.6251 4552.28 4552.28
-0.0880446 10.5462 4490.83 4490.83
-0.0870446 10.4686 4429.81 4429.81
-0.0860446 10.3909 4369.15 4369.15
-0.0850446 10.3142 4308.21 4308.21
-0.0840446 10.2378 4247.87 4247.87
-0.0830446 10.1619 4187.32 4187.32
-0.0820446 10.0867 4127.08 4127.08
-0.0810446 10.0115 4066.97 4066.97
-0.0800446 9.93733 4006.67 4006.67
-0.0790446 9.86314 3946.82 3946.82
-0.0780446 9.78956 3886.47 3886.47
-0.0770446 9.71621 3826.44 3826.44
-0.0760446 9.64313 3766.33 3766.33
-0.0750446 9.57042 3705.96 3705.96
-0.0740446 9.49776 3646.08 3646.08
-0.0730446 9.42547 3585.25 3585.25
-0.0720446 9.35318 3524.94 3524.94
-0.0710446 9.28104 3464.18 3464.18
-0.0700446 9.20893 3403.32 3403.32
-0.0690446 9.13679 3342.63 3342.63
-0.0680446 9.06459 3281.13 3281.13
-0.0670446 8.99234 3220.17 3220.17
-0.0660446 8.91978 3158.32 3158.32
-0.0650446 8.84722 3096.71 3096.71
-0.0640446 8.7741 3034.84 3034.84
-0.0630446 8.70089 2972.52 2972.52
-0.0620446 8.62714 2910.65 2910.65
-0.0610446 8.55298 2847.67 2847.67
-0.0600446 8.4785 2785.2 2785.2
-0.0590446 8.40308 2722.2 2722.2
-0.0580446 8.32766 2659.21 2659.21
-0.0570446 8.25079 2596.21 2596.21
-0.0560446 8.17382 2532.66 2532.66
-0.0550446 8.0957 2469.5 2469.5
-0.0540446 8.01688 2405.84 2405.84
-0.0530446 7.93741 2342.43 2342.43
-0.0520446 7.85648 2278.95 2278.95
-0.0510446 7.77554 2215.47 2215.47
-0.0500446 7.69224 2152.17 2152.17
-0.0490446 7.60894 2088.68 2088.68
-0.0480446 7.52384 2025.53 2025.53
-0.0470446 7.43794 1962.56 1962.56
-0.0460446 7.35098 1899.8 1899.8
-0.0450446 7.26228 1837.45 1837.45
-0.0440446 7.17337 1775.34 1775.34
-0.0430446 7.08171 1713.55 1713.55
-0.0420446 6.99005 1652.35 1652.35
-0.0410446 6.89605 1591.48 1591.48
-0.0400446 6.8013 1531.37 1531.37
-0.0390446 6.70514 1471.75 1471.75
-0.0380446 6.60724 1412.85 1412.85
-0.0370446 6.5089 1354.79 1354.79
-0.0360446 6.40782 1297.27 1297.27
-0.0350446 6.30673 1240.89 1240.89
-0.0340446 6.20305 1185.17 1185.17
-0.0330446 6.0988 1130.54 1130.54
-0.0320446 5.99299 1076.97 1076.97
-0.0310446 5.88569 1024.33 1024.33
-0.0300446 5.77779 973.048 973.048
-0.0290446 5.66756 922.704 922.704
-0.0280446 5.55733 873.73 873.73
-0.0270446 5.44468 825.978 825.978
-0.0260446 5.33174 779.425 779.425
-0.0250446 5.21737 734.46 734.46
-0.0240446 5.10198 690.678 690.678
-0.0230446 4.98602 648.408 648.408
-0.0220446 4.8685 607.58 607.58
-0.0210446 4.75098 568.024 568.024
-0.0200446 4.6318 530.302 530.302
-0.0190446 4.51255 493.78 493.78
-0.0180446 4.39246 458.958 458.958
-0.0170446 4.27192 425.596 425.596
-0.0160446 4.15111 393.602 393.602
-0.0150446 4.02978 363.443 363.443
-0.0140446 3.90844 334.407 334.407
-0.0130446 3.78686 307.27 307.27
-0.0120446 3.66529 281.374 281.374
-0.0110446 3.54397 256.965 256.965
-0.0100446 3.42276 234.15 234.15
-0.00904455 3.30194 212.36 212.36
-0.00804455 3.18173 192.525 192.525
-0.00704455 3.06166 173.612 173.612
-0.00604455 2.94312 156.237 156.237
-0.00504455 2.82457 140.069 140.069
-0.00404455 2.70788 124.98 124.98
-0.00304455 2.59171 111.386 111.386
-0.00204455 2.47698 98.5878 98.5878
-0.00104455 2.36392 87.1846 87.1846
-4.45541e-05 2.25144 76.6219 76.6219
0.000955446 2.14222 67.068 67.068
0.00195545 2.033 58.531 58.531
0.00295545 1.92764 50.6453 50.6453
0.00395545 1.823 43.8938 43.8938
0.00495545 1.72119 37.6824 37.6824
0.00595545 1.62188 32.2648 32.2648
0.00695545 1.5239 27.4898 27.4898
0.00795545 1.43065 23.2251 23.2251
0.00895545 1.33741 19.6654 19.6654
0.00995545 1.25031 16.4718 16.4718
0.0109554 1.16384 13.8252 13.8252
0.0119554 1.08181 11.5371 11.5371
0.0129554 1.0028 9.57896 9.57896
0.0139554 0.926099 8.00292 8.00292
0.0149554 0.855205 6.6115 6.6115
0.0159554 0.784312 5.55973 5.55973
0.0169554 0.721899 4.66877 4.66877
0.0179554 0.659727 3.95029 3.95029
0.0189554 0.60369 3.40423 3.40423
0.0199554 0.550799 2.9296 2.9296
0.0209554 0.501328 2.61898 2.61898
0.0219554 0.45822 2.35037 2.35037
0.0229554 0.415501 2.16031 2.16031
0.0239554 0.382616 2.04254 2.04254
0.0249554 0.34973 1.93766 1.93766
0.0259554 0.324543 1.9122 1.9122
0.0269554 0.302252 1.8871 1.8871
0.0279554 0.284483 1.92429 1.92429
0.0289554 0.273084 1.99516 1.99516
0.0299554 0.26284 2.08396 2.08396
0.0309554 0.262556 2.26807 2.26807
0.0319554 0.262272 2.45455 2.45455
0.0329554 0.27091 2.76709 2.76709
0.0339554 0.281885 3.12028 3.12028
0.0349554 0.298307 3.5817 3.5817
0.0359554 0.320606 4.16324 4.16324
0.0369554 0.342905 4.79747 4.79747
0.0379554 0.365204 5.50428 5.50428
0.0389554 0.387503 6.25931 6.25931
0.0399554 0.409802 7.09123 7.09123
0.0409554 0.432101 7.97983 7.97983
0.0419554 0.4544 8.93312 8.93312
0.0429554 0.476698 9.95651 9.95651
0.0439554 0.498997 11.0354 11.0354
0.0449554 0.521296 12.1928 12.1928
0.0459554 0.543595 13.407 13.407
